2 0.3563 0.2547 0.0219 0.0438
2 0.4438 0.2563 0.0219 0.0719
2 0.4953 0.2656 0.0250 0.0594
2 0.6953 0.2703 0.0188 0.0500
2 0.5625 0.2766 0.0156 0.0438
2 0.6266 0.2828 0.0188 0.0500
2 0.3766 0.2969 0.0250 0.0781
2 0.3063 0.3047 0.0219 0.0438
2 0.5875 0.3109 0.0219 0.0375
2 0.5219 0.3219 0.0156 0.0469
2 0.7125 0.3328 0.0219 0.0563
2 0.3359 0.3375 0.0188 0.0594
2 0.6453 0.3594 0.0312 0.1156
2 0.4016 0.3641 0.0250 0.0813
2 0.4734 0.3672 0.0312 0.1188
2 0.5531 0.3813 0.0219 0.0656
2 0.3594 0.3984 0.0156 0.0625
2 0.6891 0.4141 0.0188 0.0563
2 0.5906 0.4266 0.0219 0.0875
2 0.4438 0.4531 0.0281 0.0719
