2 0.3546875 0.253125 0.021875 0.04375
2 0.4421875 0.2546875 0.021875 0.071875
2 0.49375 0.2640625 0.025 0.059375
2 0.69375 0.26875 0.01875 0.05
2 0.5609375 0.275 0.015625 0.04375
2 0.625 0.28125 0.01875 0.05
2 0.375 0.2953125 0.025 0.078125
2 0.3046875 0.303125 0.021875 0.04375
2 0.5859375 0.309375 0.021875 0.0375
2 0.5203125 0.3203125 0.015625 0.046875
2 0.7109375 0.33125 0.021875 0.05625
2 0.334375 0.3359375 0.01875 0.059375
2 0.64375 0.3578125 0.03125 0.115625
2 0.4 0.3625 0.025 0.08125
2 0.471875 0.365625 0.03125 0.11875
2 0.5515625 0.3796875 0.021875 0.065625
2 0.3578125 0.396875 0.015625 0.0625
2 0.6875 0.4125 0.01875 0.05625
2 0.5890625 0.425 0.021875 0.0875
2 0.4421875 0.4515625 0.028125 0.071875